   1     3    35    33     4     2 
   2     4     5     8     7     6 
   6     7    54    55    16    13 
  12    13    16    15    14    10 
   1    12    10     9    11     3 
   9    20    18    17    19    11 
   5    38    39    58    59     8 
  20    21    24    23    22    18 
  22    23    46    47    32    29 
  14    15    50    51    24    21 
  51    50    49    52    48    45 
  45    48    44    41    47    46 
  55    54    53    56    52    49 
  53    59    58    57    60    56 
  60    57    43    42    41    44 
  33    35    27    25    36    34 
  27    19    17    28    26    25 
  26    28    29    32    31    30 
  34    36    37    40    39    38 
  37    30    31    42    43    40 
